   	      	                    fitness                    	                      size
   	      	-----------------------------------------------	-----------------------------------------------
gen	nevals	avg    	gen	max    	min    	nevals	std    	avg 	gen	max	min	nevals	std
0  	200   	19.5322	0  	922.333	5.09063	200   	71.6406	3.51	0  	7  	2  	200   	1.44565
1  	147   	8.49734	1  	23.9066	5.09063	147   	2.94724	3.485	1  	8  	1  	147   	1.50325
2  	126   	7.69563	2  	22.9582	4.88789	126   	2.22464	3.58 	2  	11 	1  	126   	1.68036
3  	147   	8.15232	3  	68.0418	4.88789	147   	6.02674	4.01 	3  	11 	1  	147   	1.9157
4  	137   	6.97867	4  	73.5418	4.88789	137   	4.97796	4.495	4  	10 	1  	137   	2.09045
5  	142   	7.12976	5  	38.6684	4.66289	142   	3.63836	5.575	5  	12 	1  	142   	2.36313
6  	152   	6.44673	6  	22.2145	4.66289	152   	2.0843 	6.135	6  	11 	1  	152   	2.21061
7  	140   	5.99028	7  	24.9582	4.42227	140   	2.24608	6.95 	7  	14 	1  	140   	2.30814
8  	155   	5.8729 	8  	20.12  	4.42227	155   	1.61127	7.73 	8  	15 	1  	155   	2.32961
9  	158   	7.10039	9  	78.0804	4.42227	158   	7.53424	8.135	9  	14 	2  	158   	2.40765
10 	145   	6.44822	10 	75.5676	3.88736	145   	5.78967	8.24 	10 	16 	2  	145   	2.63864
11 	155   	6.09678	11 	27.9582	3.88736	155   	2.61444	8.39 	11 	17 	1  	155   	2.93222
12 	146   	8.28869	12 	465.451	1.35358	146   	32.5523	8.465	12 	22 	2  	146   	3.2154
13 	129   	5.95969	13 	18.4658	1.35358	129   	2.71198	8.715	13 	21 	1  	129   	3.51479
14 	148   	7.18811	14 	272.973	1.35358	148   	19.2907	9.75 	14 	26 	1  	148   	4.04444
15 	149   	6.52619	15 	62.9136	1.35358	149   	6.69047	12.115	15 	31 	2  	149   	4.72882
16 	144   	6.51942	16 	127.486	1.21058	144   	9.94501	13.665	16 	29 	2  	144   	5.25859
17 	153   	6.00432	17 	32.3326	1.21058	153   	4.76965	15.75 	17 	32 	2  	153   	6.5328
18 	152   	6.21535	18 	49.4827	0.89754	152   	7.50171	17.235	18 	50 	2  	152   	7.36748
19 	141   	4.9821 	19 	50.7526	0.863024	141   	5.41639	18.97 	19 	43 	1  	141   	7.55309
20 	131   	5.65224	20 	77.2684	0.863024	131   	8.7072 	20.335	20 	43 	1  	131   	7.33231
21 	151   	6.40195	21 	150.547	0.863024	151   	12.259 	20.3  	21 	40 	1  	151   	7.24017
22 	140   	6.51028	22 	96.662 	0.863024	140   	10.8825	20.605	22 	43 	5  	140   	6.89848
23 	146   	8.97286	23 	376.742	0.863024	146   	28.8665	19.885	23 	52 	1  	146   	7.99761
24 	147   	5.97125	24 	219.678	0.863024	147   	16.6624	20.075	24 	54 	1  	147   	6.89125
25 	138   	4.77721	25 	121.634	0.863024	138   	10.9448	20.795	25 	54 	4  	138   	6.80904
26 	151   	6.67489	26 	140.832	0.863024	151   	14.0674	21.39 	26 	61 	4  	151   	7.72644
27 	142   	5.47606	27 	71.6271	0.863024	142   	8.74295	22.53 	27 	63 	1  	142   	7.69799
28 	154   	6.50354	28 	141.485	0.863024	154   	13.2967	23.155	28 	66 	2  	154   	8.43747
29 	142   	5.18955	29 	118.663	0.863024	142   	11.2   	22.905	29 	43 	4  	142   	6.84587
30 	150   	8.33154	30 	537.346	0.784117	150   	38.9177	23.315	30 	49 	4  	150   	6.66977
31 	144   	4.65135	31 	59.0222	0.863024	144   	6.74775	23.505	31 	49 	2  	144   	6.995
32 	147   	6.67462	32 	149.514	0.863024	147   	14.7378	24.77 	32 	65 	1  	147   	8.59285
33 	147   	4.6846 	33 	46.9383	0.863024	147   	6.84072	25.12 	33 	52 	4  	147   	7.22396
34 	136   	6.57121	34 	379.821	0.863024	136   	27.9029	24.875	34 	69 	3  	136   	8.26797
35 	126   	4.87078	35 	68.5616	0.863024	126   	8.97194	25.395	35 	46 	4  	126   	6.89485
36 	151   	5.02917	36 	73.7806	0.863024	151   	9.09668	25.735	36 	50 	3  	151   	8.48733
37 	127   	3.64713	37 	55.5473	0.863024	127   	5.30824	25.81 	37 	50 	3  	127   	7.34873
38 	157   	6.03029	38 	351.321	0.861841	157   	25.4575	26.01 	38 	49 	3  	157   	7.69545
39 	143   	3.86173	39 	37.7538	0.861841	143   	5.3093 	26.38 	39 	54 	4  	143   	8.82132
40 	162   	6.13902	40 	66.1733	0.861841	162   	9.81294	26.2  	40 	65 	1  	162   	10.6019
41 	141   	4.59487	41 	64.2882	0.861841	141   	7.72619	27.265	41 	73 	2  	141   	9.56999
42 	141   	3.94647	42 	33.1369	0.861841	141   	5.44492	27.29 	42 	53 	6  	141   	8.41403
43 	155   	4.52705	43 	67.6367	0.861841	155   	7.36453	27.845	43 	60 	2  	155   	9.7489
44 	140   	3.23085	44 	29.3078	0.861841	140   	4.03504	29.065	44 	57 	1  	140   	8.96888
45 	133   	4.72744	45 	57.0483	0.703347	133   	8.36569	29.47 	45 	62 	5  	133   	9.36638
46 	139   	4.03723	46 	37.7113	0.861841	139   	5.36111	28.635	46 	60 	6  	139   	8.61985
47 	149   	8.30385	47 	525.524	0.861841	149   	42.429 	28.655	47 	62 	3  	149   	9.09813
48 	142   	4.48166	48 	141.234	0.861841	142   	10.9201	28.78 	48 	59 	3  	142   	8.04622
49 	150   	4.63275	49 	88.8829	0.861841	150   	8.72329	29.83 	49 	67 	4  	150   	10.8509
50 	142   	4.82042	50 	86.5582	0.861841	142   	10.222 	30.995	50 	48 	1  	142   	7.64428
51 	164   	5.03803	51 	94.8889	0.861841	164   	9.60537	30.86 	51 	61 	6  	164   	9.66491
52 	148   	4.20367	52 	61.2786	0.861841	148   	7.66189	30.78 	52 	61 	4  	148   	10.0425
53 	144   	5.00605	53 	78.8849	0.857505	144   	9.6373 	29.83 	53 	57 	3  	144   	9.80006
54 	125   	3.80083	54 	57.9004	0.857505	125   	6.53953	30.22 	54 	68 	5  	125   	9.4054
55 	143   	5.04839	55 	64.6834	0.857505	143   	9.34363	29.355	55 	70 	2  	143   	9.93625
56 	137   	4.89204	56 	97.4337	0.857505	137   	11.3029	29.735	56 	61 	1  	137   	9.52233
57 	145   	4.63186	57 	56.7161	0.737411	145   	8.82649	28.94 	57 	54 	2  	145   	8.71243
58 	149   	4.74088	58 	66.5352	0.675409	149   	9.51471	29.59 	58 	62 	3  	149   	10.2563
59 	161   	4.9645 	59 	151.44 	0.857505	161   	12.9185	30.535	59 	57 	4  	161   	10.0757
60 	148   	6.04227	60 	266.856	0.733817	148   	21.5092	31.835	60 	67 	4  	148   	9.67149
61 	157   	3.67856	61 	44.6759	0.733817	157   	5.06519	32.705	61 	63 	6  	157   	10.4507
62 	157   	13.6462	62 	1494.71	0.733817	157   	111.168	34.705	62 	76 	1  	157   	11.5818
63 	149   	2.99226	63 	29.6818	0.733817	149   	4.35424	35.375	63 	63 	11 	149   	10.8837
64 	132   	4.53938	64 	108.049	0.733817	132   	11.19  	38.595	64 	68 	9  	132   	12.0794
65 	146   	4.77347	65 	279.944	0.733817	146   	20.2977	40.505	65 	77 	12 	146   	11.5317
66 	158   	4.24497	66 	63.8246	0.733817	158   	8.4649 	41.845	66 	72 	10 	158   	12.644
67 	142   	2.78237	67 	62.6894	0.733817	142   	6.09085	44.09 	67 	69 	4  	142   	11.5699
68 	159   	3.67998	68 	65.3591	0.646657	159   	7.70293	44.195	68 	77 	9  	159   	11.42
69 	149   	8.25792	69 	848.389	0.733817	149   	60.2998	45.705	69 	70 	19 	149   	9.50936
70 	128   	2.95714	70 	83.0703	0.663935	128   	8.14164	44.43 	70 	75 	4  	128   	9.83438
71 	147   	5.09123	71 	90.8765	0.733817	147   	12.0825	44.29 	71 	84 	9  	147   	10.2925
72 	153   	3.85827	72 	92.8525	0.659145	153   	9.10578	42.085	72 	80 	1  	153   	11.2449
73 	140   	3.37867	73 	58.3344	0.659145	140   	6.34838	42.23 	73 	71 	9  	140   	10.467
74 	137   	3.99041	74 	131.83 	0.646657	137   	11.5352	42.78 	74 	70 	10 	137   	10.531
75 	145   	4.24033	75 	154.064	0.640172	145   	11.6706	42.815	75 	80 	1  	145   	12.0154
76 	152   	4.26793	76 	124.071	0.646657	152   	11.2806	42.33 	76 	82 	9  	152   	10.11
77 	141   	3.47813	77 	70.8451	0.646657	141   	7.82982	42.235	77 	82 	9  	141   	10.7401
78 	135   	4.29966	78 	67.7853	0.646657	135   	8.19675	41.36 	78 	82 	9  	135   	11.1472
79 	139   	2.74611	79 	49.1409	0.646657	139   	4.36666	41.26 	79 	72 	8  	139   	10.2295
80 	145   	5.23107	80 	374.411	0.646657	145   	26.8311	40.56 	80 	76 	3  	145   	11.8994
81 	150   	3.06298	81 	16.1651	0.646657	150   	3.02381	40.885	81 	82 	10 	150   	11.6341
82 	143   	5.13618	82 	149.887	0.646657	143   	13.437 	41.6  	82 	92 	7  	143   	12.9607
83 	158   	3.16943	83 	42.6607	0.646657	158   	4.87429	41.145	83 	79 	6  	158   	10.2783
84 	146   	3.32705	84 	35.2866	0.604845	146   	5.21048	41.985	84 	80 	8  	146   	10.7492
85 	145   	7.26988	85 	770.608	0.646657	145   	54.5121	40.935	85 	71 	1  	145   	10.6325
86 	154   	2.73505	86 	70.9148	0.604666	154   	5.53192	41.58 	86 	72 	1  	154   	9.07324
87 	156   	5.45598	87 	473.068	0.604666	156   	33.5116	41.34 	87 	80 	5  	156   	10.232
88 	141   	3.50392	88 	70.7926	0.604666	141   	7.64633	41.625	88 	71 	6  	141   	10.8386
89 	140   	2.9456 	89 	73.8229	0.632383	140   	7.08783	42.3  	89 	66 	10 	140   	8.80227
90 	156   	2.52777	90 	27.9582	0.644351	156   	3.54232	40.1  	90 	66 	1  	156   	10.1084
91 	138   	2.99719	91 	67.7247	0.604666	138   	6.70911	40.635	91 	68 	2  	138   	10.5419
92 	141   	4.93334	92 	539.44 	0.576885	141   	38.0451	40.985	92 	73 	5  	141   	10.2316
93 	140   	3.19005	93 	73.9782	0.576885	140   	6.55755	42.775	93 	72 	10 	140   	9.63869
94 	135   	2.37892	94 	14.9195	0.576885	135   	2.77206	41.79 	94 	77 	9  	135   	10.8423
95 	145   	6.38354	95 	791.728	0.576885	145   	55.7572	42.325	95 	78 	9  	145   	9.98295
96 	162   	2.89772	96 	49.7061	0.576885	162   	5.21777	42.62 	96 	82 	4  	162   	11.4532
97 	152   	2.69512	97 	14.6132	0.576885	152   	3.03503	43.34 	97 	79 	9  	152   	11.4776
98 	139   	2.87179	98 	48.7962	0.576885	139   	5.17711	42.92 	98 	82 	5  	139   	11.7449
99 	129   	3.02268	99 	63.8534	0.576885	129   	7.34489	42.83 	99 	81 	1  	129   	11.1302
100	158   	3.72557	100	208.954	0.56215 	158   	14.987 	43.68 	100	81 	9  	158   	10.4488
Best Tree:  add(abs(mul(mul(abs(abs(x)), x), add(add(add(add(-3, x), sin(abs(abs(div(div(sub(x, abs(x)), sin(x)), sin(abs(div(abs(mul(abs(sin(x)), abs(abs(x)))), x)))))))), sin(sin(sin(sin(x))))), x))), mul(sin(abs(mul(x, x))), x))
Best Fitness:  0.5621499606824734